000
001
002
003
004
005
006
007
008
020
021
022
023
024
025
026
027
028
040
041
042
043
044
045
046
047
048
060
061
062
063
064
065
066
067
068
080
081
082
083
084
085
086
087
088
0a0
0a1
0a2
0a3
0a4
0a5
0a6
0a7
0a8
0c0
0c1
0c2
0c3
0c4
0c5
0c6
0c7
0c8
0e0
0e1
0e2
0e3
0e4
0e5
0e6
0e7
0e8
100
101
102
103
104
105
106
107
108
120
121
122
123
124
125
126
127
128
140
141
142
143
144
145
146
147
148
160
161
162
163
164
165
166
167
168
180
181
182
183
184
185
186
187
188
1a0
1a1
1a2
1a3
1a4
1a5
1a6
1a7
1a8
1c0
1c1
1c2
1c3
1c4
1c5
1c6
1c7
1c8
1e0
1e1
1e2
1e3
1e4
1e5
1e6
1e7
1e8
200
201
202
203
204
205
206
207
208
220
221
222
223
224
225
226
227
228
240
241
242
243
244
245
246
247
248
260
261
262
263
264
265
266
267
268
280
281
282
283
284
285
286
287
288
2a0
2a1
2a2
2a3
2a4
2a5
2a6
2a7
2a8
2c0
2c1
2c2
2c3
2c4
2c5
2c6
2c7
2c8
2e0
2e1
2e2
2e3
2e4
2e5
2e6
2e7
2e8
300
301
302
303
304
305
306
307
308
320
321
322
323
324
325
326
327
328
340
341
342
343
344
345
346
347
348
360
361
362
363
364
365
366
367
368
380
381
382
383
384
385
386
387
388
3a0
3a1
3a2
3a3
3a4
3a5
3a6
3a7
3a8
3c0
3c1
3c2
3c3
3c4
3c5
3c6
3c7
3c8
3e0
3e1
3e2
3e3
3e4
3e5
3e6
3e7
3e8
400
401
402
403
404
405
406
407
408
420
421
422
423
424
425
426
427
428
440
441
442
443
444
445
446
447
448
460
461
462
463
464
465
466
467
468
480
481
482
483
484
485
486
487
488
4a0
4a1
4a2
4a3
4a4
4a5
4a6
4a7
4a8
4c0
4c1
4c2
4c3
4c4
4c5
4c6
4c7
4c8
4e0
4e1
4e2
4e3
4e4
4e5
4e6
4e7
4e8
500
501
502
503
504
505
506
507
508
520
521
522
523
524
525
526
527
528
540
541
542
543
544
545
546
547
548
560
561
562
563
564
565
566
567
568
580
581
582
583
584
585
586
587
588
5a0
5a1
5a2
5a3
5a4
5a5
5a6
5a7
5a8
5c0
5c1
5c2
5c3
5c4
5c5
5c6
5c7
5c8
5e0
5e1
5e2
5e3
5e4
5e5
5e6
5e7
5e8
600
601
602
603
604
605
606
607
608
620
621
622
623
624
625
626
627
628
640
641
642
643
644
645
646
647
648
660
661
662
663
664
665
666
667
668
680
681
682
683
684
685
686
687
688
6a0
6a1
6a2
6a3
6a4
6a5
6a6
6a7
6a8
6c0
6c1
6c2
6c3
6c4
6c5
6c6
6c7
6c8
6e0
6e1
6e2
6e3
6e4
6e5
6e6
6e7
6e8
700
701
702
703
704
705
706
707
708
720
721
722
723
724
725
726
727
728
740
741
742
743
744
745
746
747
748
760
761
762
763
764
765
766
767
768
780
781
782
783
784
785
786
787
788
7a0
7a1
7a2
7a3
7a4
7a5
7a6
7a7
7a8
7c0
7c1
7c2
7c3
7c4
7c5
7c6
7c7
7c8
7e0
7e1
7e2
7e3
7e4
7e5
7e6
7e7
7e8
800
801
802
803
804
805
806
807
808
820
821
822
823
824
825
826
827
828
840
841
842
843
844
845
846
847
848
860
861
862
863
864
865
866
867
868
880
881
882
883
884
885
886
887
888
8a0
8a1
8a2
8a3
8a4
8a5
8a6
8a7
8a8
8c0
8c1
8c2
8c3
8c4
8c5
8c6
8c7
8c8
8e0
